0
2
6
PI
0.14036692 0.16713373 0.19 0.19419437 0.17999934 0.12830563
MU
-0.6721858 -0.97661211
-0.638565 -1.56360206
0.41349559 -0.05713054
0.80729475 -0.83708713
-1.02683193 -0.91717891
0.99169855 -1.0688545
SIGMA
0.01530297 0.01717452
0.01717452 0.03087195

0.02268123 0.00251713
0.00251713 0.00218731

0.00114987 0.00083658
0.00083658 0.00916523

0.03419898 0.01253778
0.01253778 0.00777215

0.01273552 0.01522498
0.01522498 0.02076616

0.02236809 0.01766182
0.01766182 0.01870447

END