2
2
8
PI
0.1218305 0.13789824 0.1375 0.11959309 0.13066947 0.11500003 0.11500867 0.1225
MU
-0.99925784 0.14409265
-0.45479206 -0.40133642
1.1342161 0.94512677
-0.40143205 -0.58462638
-0.96747741 -0.0054952
-1.07463402 0.41069526
-0.91259855 -0.85473211
0.21333454 1.2537508
SIGMA
0.02208014 0.02070666
0.02070666 0.02155288

0.01156625 0.00416512
0.00416512 0.00282898

0.01103021 0.00910524
0.00910524 0.01886031

0.00614935 0.0084451
0.0084451 0.01508653

0.01175558 0.00112349
0.00112349 0.0013788

0.00569963 0.00095705
0.00095705 0.0014447

0.01129973 0.00949003
0.00949003 0.00975328

0.01560431 0.00986415
0.00986415 0.02089665

END